0.6679236914499357,0.66755871547857,0.6675830538023204,0.666285792581046,0.6673037014307072,0.6673775858603326,0.668698505988745,0.6678423404084524,0.6678752527421747,0.6667557968018321,0.6681255142336694
0.667194065716045,0.6669607048304137,0.6670460610930661,0.6675997479889005,0.6657926388845748,0.6674534271856831,0.6676699431793787,0.6668630239599737,0.6676292629996952,0.6681582997766186,0.6678570137126324
0.666399028011764,0.6673514451076217,0.6668766092354118,0.6671911965461242,0.6677496623867756,0.6663607367279653,0.6678581324066845,0.668155147500588,0.6667349875459442,0.6693683094823747,0.6674986902471394
0.666274738531796,0.6669244903834769,0.6684554996071593,0.6673343336258523,0.6683151290867401,0.6662359737722313,0.6670355817467613,0.6677295887760829,0.6671748405896035,0.6663574447079518,0.6667916553173521
0.6677865521429027,0.6669803557801095,0.666210072516307,0.6675181227682637,0.6674011428931171,0.6685844870246883,0.6663673158986128,0.6678303463127978,0.6664453912628341,0.6677728934015348,0.6671794848887749
0.6669461541240623,0.6673427836164253,0.6672871467328441,0.6665239077944177,0.6688431853945153,0.6662877587054399,0.6684204089341949,0.6665545766600168,0.6669272330690472,0.6674922451521302,0.6664296946307973
0.6674344609290975,0.6683712111448639,0.6679032218464046,0.6662691051518651,0.6665130122119297,0.6666919584650912,0.6680465308550226,0.6683566175193032,0.6682519079390329,0.6673868648925896,0.6671608845240937
0.6675924423299119,0.667508543618703,0.6690087617228843,0.6671861298790098,0.6673747974056699,0.6690574115796009,0.6670279510361511,0.6680127083810145,0.6678162358559385,0.6683724965020169,0.6667131791636752
0.574317203778948,0.6676547392518207,0.6673269635488711,0.6668166284471752,0.6665767048440393,0.6663541092383625,0.6659609405006811,0.6670462173657141,0.6662329322660151,0.6672084250778048,0.6669504694023018
0.6682056904949625,0.6672165385809449,0.6643745850368792,0.6672479225965499,0.6680430805554158,0.6687655215521742,0.6674892804815034,0.6675658067436777,0.666541356549391,0.6665044534373167,0.666866228992037
0.5506169025630534,0.48962731541247945,0.5826612916759677,0.5613816499386721,0.6676868509578644,0.668584661063195,0.6668873619818076,0.6658907383334177,0.6690070899713554,0.6665422562138038,0.6662693530424236
