0.6461055285193339,0.6666998946275976,0.664428801886053,0.6642380484425684,0.6652950183025788,0.6639097436267691,0.6661002502327901,0.66578217712471,0.665106503202731,0.667472309626381,0.6667270594665985
0.6668410562283509,0.6640693824030397,0.6659371365807567,0.6662214559575554,0.6679614205426005,0.6659061565121366,0.6651099512069226,0.667492351567757,0.6663259003033406,0.6631982891318049,0.6674538580437815
0.6553396331573365,0.6654240906378355,0.6661546656846258,0.6665892011589432,0.6660444765526589,0.6656110533807627,0.6676873628979197,0.6666177913302781,0.6658660972687193,0.6665036754098259,0.6659197729371442
0.6544568619699423,0.6669191924792426,0.6648232478227962,0.666413645675542,0.6658652200923305,0.6636772656506039,0.6668791096026533,0.6651580101628869,0.6633738557849087,0.6674661398526305,0.6644824891105803
0.6664963470346288,0.6673495205395207,0.6659890795593842,0.667536829704857,0.6654639964843063,0.6672962476282562,0.6672425014031156,0.6666722049864313,0.6674714835580494,0.6651910081563241,0.6667467349937195
0.6593691953811214,0.6675167440579821,0.6685022585797288,0.6629914357140632,0.6645411471925479,0.6654496395493168,0.6651076822763747,0.6656786369864139,0.6659164642976992,0.6666265129359772,0.6662665507503829
0.6534667666665445,0.6498259985074267,0.6650728859597317,0.6652062121639974,0.6661706002753118,0.6665320734223186,0.6647400975895091,0.6667747677519108,0.6644242042700884,0.6638826677240156,0.665316320271395
0.6112182502752171,0.6660291470455078,0.6660481624297754,0.6658061867698737,0.6662654340358835,0.665144184093138,0.6655377099834062,0.6663818202128877,0.6658689496839685,0.664768343714453,0.6674453960184067
0.5685071602144366,0.6154700690052285,0.6642596583441593,0.666736317769759,0.6685261599276352,0.6657824108679106,0.6672493217006777,0.6686306239783992,0.6673630677941006,0.6658590920852501,0.6656073382567571
0.5375763657473319,0.5512109518762175,0.5883159294975343,0.6167831578994546,0.6673666896510221,0.665413574366654,0.6692036283114513,0.6666287093170716,0.6660836838414292,0.6642891964723415,0.668103495562002
0.5137875780921712,0.5457247023121696,0.5274090562225707,0.5222831527235541,0.5029731580810823,0.5430160611175952,0.525285964347725,0.6258538422618909,0.5652821816376703,0.6666490225663432,0.6653426558890542
