0.6644975108083523,0.6440697776177052,0.6455061103880602,0.63178858063497,0.6213202838840454,0.6007091751289784,0.5720305631858018,0.5544661175827004,0.5344478105273727,0.5205915090244777,0.5039891374305512
0.6465577366124349,0.6428744109269122,0.6467719800972478,0.6354179751387526,0.6159577313165417,0.5919362957994412,0.5679624944837623,0.5483290417898494,0.5197889206168032,0.5218289877209823,0.5129214727426354
0.6585849844924878,0.6560660525486475,0.6435479536750544,0.6309526385016211,0.6129725697300166,0.6098464857975082,0.5721953943944244,0.5519528919296325,0.527443551608648,0.5185429161333971,0.50764125195632
0.6667351600951502,0.6553543130850505,0.6445538174163423,0.6328467512154529,0.6222396124530016,0.5935632308386029,0.5652950347305162,0.5527884772099252,0.5331959692101775,0.5166962048992894,0.5130985970095376
0.6495646646669029,0.6558438228340941,0.652252108085206,0.6321821011877324,0.6170090212999244,0.6053018578157809,0.5630437169169263,0.5353562605049186,0.5321015600109176,0.5208932999024397,0.507850580887471
0.6662424723488649,0.6570874973368853,0.6497658428275059,0.6369531717513943,0.6171733436333604,0.596215560478289,0.5643109099999364,0.5358094021287931,0.5302018190520346,0.5150924114998543,0.5049656234475575
0.656452046186356,0.6514516311871966,0.6294569312176798,0.6130855564201393,0.6150307710771618,0.5839074159203476,0.5709580198798961,0.5377602944248969,0.5211851540424067,0.5093359973221039,0.5163246307699038
0.6221927548724102,0.6204092484725683,0.61148404156748,0.6104848111582498,0.5621997351740206,0.5602089086276245,0.5659585018491714,0.548009741736014,0.5202452770520475,0.5146716503472824,0.5049552930570858
0.5926826872557088,0.5890835752009181,0.5493530858964509,0.5433257220947592,0.5700180460193828,0.5473731080822398,0.5277037745469445,0.5305568388661147,0.514014750378958,0.5147690661087414,0.5060707508248471
0.5249065227680549,0.5220561116306999,0.5306478066680572,0.5113907815582439,0.5269572768111336,0.5199175284518215,0.5047388511368998,0.5047078838027033,0.5104355580828271,0.5095973887317039,0.5047645433666298
0.5035839291283659,0.49337949107509105,0.5115550582667943,0.5096697420374663,0.5074412881043395,0.4975877648510587,0.5027076966543848,0.5001770125439289,0.5027782207018503,0.5016225222629386,0.5009535110453499
