0.6667481579606511,0.6585346660366541,0.6489430377982193,0.6322553290539137,0.6242731812350542,0.6050387960396874,0.5804945594530839,0.5548497925462238,0.5356360372848745,0.5282584323546147,0.5130147537740701
0.6544646371740669,0.6575836154662944,0.6496634304799008,0.6368943478918895,0.6238272599499639,0.6036943873957771,0.582584011577328,0.5546096352933196,0.537647373774461,0.5296460100326904,0.5133036039298983
0.6616501173683357,0.6590587371905862,0.6475850212816905,0.63864721250768,0.6211333251388986,0.6095613634865373,0.5737486087507729,0.5627144949329164,0.5319681735042733,0.5237687108113512,0.5113834874507364
0.6663337658556641,0.6593720452784544,0.6509705405143384,0.6399722609157017,0.623422316414907,0.6073914184496292,0.5851215298715724,0.5597530305719728,0.538026876298051,0.5279221096012597,0.5160902075183894
0.6656674478420797,0.6584262726868836,0.6506100618260479,0.637483057971161,0.624020865669352,0.6044489940114558,0.5781018925431042,0.5548574605214284,0.5402024396201828,0.5184866480650804,0.5121539829819792
0.6656268174986948,0.656118046446359,0.6480583268274923,0.6374479386955176,0.6280562574699567,0.608523446017311,0.579476270290728,0.5590058510779422,0.5436252648242941,0.5257478599128024,0.5107164698735196
0.6670009404825769,0.657388760924258,0.6488361532568695,0.634923626673493,0.6241720395846491,0.6075937432227808,0.5846085956702196,0.5555047254455688,0.5355014841599112,0.5242363753891836,0.5170593746324096
0.6658264146897412,0.6567565833672872,0.6498934983764846,0.6354585524189473,0.6251139422572602,0.6021554758309059,0.5832843339754332,0.5542433133186556,0.5408938013366562,0.5250870002960989,0.5134718092018763
0.5540109959980037,0.6537924765902997,0.6081943201850623,0.6336244110658366,0.622996474010718,0.5837174923120731,0.5737627823104318,0.5505574898662514,0.5282596714653822,0.5163102622965946,0.5117986491298312
0.5577245515017266,0.557296039976182,0.5958875214514797,0.570510351185685,0.6104405030945415,0.5230516563334121,0.5638635107664141,0.5163369101375951,0.524042777225849,0.5237968800026931,0.5139945127094029
0.49311967472121465,0.49088142513748567,0.510043975019599,0.49871333085094094,0.5106111634352829,0.5079535727384904,0.5036585614115063,0.5074095511265136,0.504430155963852,0.5062210064385958,0.5076178794100494
