0.6544899106854607,0.6354943276763286,0.6276213807872931,0.6212272949378083,0.6075000598762983,0.5789439673770486,0.557766524373586,0.5429458573447478,0.5277342956965665,0.5224578356818939,0.5078851093135843
0.6451210246821679,0.6123295921684027,0.6349483615671021,0.6233333264760635,0.6010325091145673,0.5782165750861381,0.5598451515002281,0.543995368079366,0.5364559123234334,0.5142626338561995,0.5033883296805409
0.6571617477478479,0.6484074031048905,0.6424919068106919,0.6310501512674369,0.6134433353347666,0.5810092097688404,0.5585414012192405,0.5392083540443536,0.5252679350071682,0.5126483169046437,0.5164369588624256
0.6335228242619628,0.6316009583564106,0.6434294603127484,0.6066798808469793,0.6149670770567418,0.589929317197257,0.5638766356290028,0.5358911256014,0.5242485849025432,0.5182529056904808,0.5096317664943816
0.6639744516938998,0.6420382662814436,0.5979338349938073,0.6213251023214729,0.583355831049315,0.5855592442474717,0.550050261119294,0.5403997026609235,0.519845275293168,0.5126062566517785,0.5065295059960121
0.6557316330431372,0.6387771360898122,0.6339345384714412,0.6160649628248615,0.5849878505524558,0.5654769727597216,0.5592152075950811,0.5429571320771498,0.5223451470489003,0.5081811662762232,0.5045641639739706
0.6082315614299267,0.628878438280381,0.6240690249891278,0.6217603616802865,0.6084562457170617,0.582239034497449,0.5603768853479839,0.5282201360591043,0.5246710208330501,0.5220236377794504,0.5083329070381032
0.5586575114391199,0.614350673306006,0.5850916745407876,0.558911494041526,0.551642286566776,0.5504464341152807,0.536370359889909,0.5272781517067919,0.5247191840329977,0.5140593815750152,0.5117613571010624
0.565660853753852,0.5732033850525695,0.5580043444018035,0.5446168764510582,0.534469229092404,0.514477451887341,0.5302573935083476,0.5186795858957867,0.521291214177494,0.5110621965850212,0.5085147580320359
0.5302649947144511,0.5444883689569104,0.5174376407969529,0.5202732963817084,0.5124984131038659,0.5095822799016129,0.5097274639647108,0.5073253673957248,0.50588115472753,0.5076813528738174,0.5071555992519625
0.5222798318739638,0.5086778002484631,0.49972940518608694,0.49798387687450124,0.49403261689590044,0.5026502058081017,0.5000355876652448,0.49866801208530204,0.49912270158873134,0.4972949023539154,0.5011461650226224
