0.6635621689413376,0.6274452629989123,0.6507452581047845,0.6325085610192815,0.6208229400433364,0.5993271175456523,0.5706238544743087,0.5455196790995209,0.535114033008427,0.514677821890073,0.5049489164361085
0.66245939100804,0.648357774264419,0.64681739231177,0.6347471044868261,0.6203419736537021,0.594931363922535,0.5742323399242119,0.5412322837457935,0.5373939798082524,0.5222632005503115,0.503614563226715
0.6670626197001891,0.6530759941927764,0.6506466189260547,0.6376516049654802,0.6073193984422219,0.5846841115627993,0.5626152477769527,0.5390359699403491,0.5192411484737315,0.5121868465993059,0.5091310262369556
0.6524466804423683,0.6546501610788815,0.646740683697563,0.6332609773289063,0.6129251171564044,0.5968200567425921,0.571976797672316,0.5495612478570883,0.5342420627256841,0.513882338570008,0.5081974661785421
0.6657825005344568,0.6569778053974505,0.632726795076,0.6336693648510823,0.6089610002982347,0.5854320301515412,0.5743758805201599,0.5327012888408054,0.5408617068612136,0.5234151209195541,0.511440336725005
0.6681846979961386,0.6593192671975183,0.6390344004008989,0.6378107798576091,0.6203711649675765,0.5885214476559831,0.579071886960896,0.5445451220236045,0.5290350573169466,0.514660914272782,0.505196981109221
0.6393193165965021,0.6352135308129493,0.6374019454550892,0.6259487362222169,0.5919290983626848,0.5855457585625767,0.5512521213533879,0.5435019016069874,0.5264549740897957,0.523527232041912,0.5035015404242253
0.6070327152271602,0.5937121490686527,0.6406977513014581,0.6120162385060474,0.5749250162048157,0.572465665583984,0.5413646990676944,0.537998321913594,0.5230596150316793,0.5158420820275129,0.5066803491774682
0.5561244290794345,0.5709997644327974,0.545143079450301,0.586594634928629,0.558865143601652,0.5277383954617042,0.5255387178003079,0.5232067243700422,0.52278156634296,0.5128050004787744,0.5094170593593831
0.5371768015236684,0.5387329709774281,0.5426466154050891,0.5284794767706892,0.5149970477326647,0.5073880844814966,0.5241643023773969,0.5168654548906297,0.504784188063655,0.5075744966246706,0.5118097416852792
0.5383964509605867,0.5159874597303132,0.5206919541394511,0.5150416407871431,0.506907683258991,0.5035855135707421,0.5022400100290006,0.4968853490149596,0.49861212585466647,0.49981728544906145,0.4981262174523681
