0.6598937109146277,0.6590189736150741,0.6513008494444563,0.6359876206096116,0.6182885386780744,0.5946934015843462,0.5582974559952908,0.5434487632912939,0.5358225203267096,0.5127831449669258,0.507876031355987
0.645767261874212,0.639172607636237,0.6443336000723673,0.6337308025836728,0.6104539304508153,0.5910490629224137,0.5568423849979278,0.5465829560768581,0.5248908247153161,0.5230041242456532,0.5084781804127669
0.6631549696104203,0.6544391235960277,0.6510560363624124,0.6409031714488198,0.6241618483229115,0.5972366467382354,0.5615896830528168,0.5437999544556134,0.5208495931194509,0.5165421781782417,0.5140846234061631
0.6586359743327493,0.6548796482933935,0.6464259729134046,0.6356768013554815,0.6109361298849585,0.583437136222697,0.5751485536154981,0.5457301953640145,0.5348003721759849,0.5230223178707736,0.5085862734786947
0.6645503639424135,0.6468819780374667,0.6478883010352132,0.6333620425339991,0.6064309845954533,0.5918781435796762,0.5655238560448808,0.5528010331838228,0.529095925044346,0.5108794094344079,0.5096840506007044
0.6676037575850233,0.6566053852801085,0.6501238880082599,0.6341422549552965,0.6083409209962645,0.5993683647898977,0.5503324392114134,0.544359200358147,0.5315741689501023,0.5167133053705105,0.5034174521830841
0.6386659392433175,0.6423451504573194,0.6427796667047445,0.6280413097056865,0.5918666419610434,0.5925758890407211,0.561824516801289,0.5416732301120559,0.5297076415983389,0.507062042532091,0.5081490082351096
0.6068178648284889,0.6325035657026166,0.6037833400193405,0.5945649511551175,0.5829744316102446,0.5775240127593658,0.549774738656735,0.538264999205975,0.5206140365216698,0.5162427544540608,0.5075717441100951
0.5802106090110095,0.536545438271666,0.5746067145441184,0.5880349483462038,0.5787316186246713,0.5364551200152332,0.5256823150473707,0.5330528502813199,0.5228898727792307,0.5111292461351716,0.5072343065690961
0.5657798645138579,0.5483368701545361,0.5433068916744719,0.5106776025214806,0.5227395545089305,0.508758540671398,0.5212459782929119,0.5071266014601689,0.5126768852394715,0.5095974213820686,0.5038741188575476
0.5150994181545808,0.5026293082543695,0.5072830994957236,0.5077975213434097,0.5075817816191582,0.49147344404591026,0.5002007052421239,0.4987783019817638,0.5013049808408426,0.5006399351436092,0.5068993562801078
