0.6653573670206981,0.6579397404643359,0.6425114546318227,0.6369351652327933,0.6177343901484018,0.5933565687612333,0.5597790459488704,0.5542158904928827,0.5315992654891784,0.5190950225606824,0.5029148440818044
0.6649943978513706,0.6578150687184916,0.645800198444093,0.6311393840272939,0.6170041746784208,0.5911746599283179,0.5786404148682994,0.5391795753898775,0.5327354871859346,0.5159317730860455,0.5109786801479517
0.6601781265286814,0.6586774071209781,0.6434036882270578,0.6417542621892011,0.6250287302244907,0.5880502689577063,0.5665577355394535,0.5309928652311884,0.5299514191985036,0.51295597353914,0.5105290787172829
0.6559356648718268,0.6549398998952611,0.6488489021913637,0.6378406100737105,0.6192121117692873,0.595422177054908,0.5777250221954779,0.5500383947861461,0.5382500532572974,0.5246574029888157,0.51030792711851
0.6664286178785409,0.6611236434779068,0.6476505004793475,0.6267524772323185,0.6174096586992323,0.5759837373552258,0.5568801325462991,0.5480185313764392,0.5293560901014197,0.5184202150399454,0.5092536959448338
0.6612720448712804,0.656550852242788,0.6351047857361969,0.6362631978436102,0.6183737430034093,0.5937862022867583,0.5753628834152351,0.5426459126119823,0.5218843527792068,0.514625172414869,0.5088019208584675
0.6496940101614066,0.6455056437740031,0.6302645204256504,0.6204169318944542,0.5667652234040348,0.5857876179183219,0.5479142784560241,0.5377670560671767,0.52489278756848,0.5218903574738484,0.5046482609082484
0.5759628781376783,0.6279848728110791,0.6463904768196344,0.5730989488866616,0.5810491455589518,0.5659789415241561,0.5361422353984849,0.5392674303186759,0.5255641358003548,0.5132730324078738,0.5100370930873664
0.5608264566265946,0.5969614496000158,0.5635561180224342,0.5531572882561305,0.5442235016803033,0.526864515556555,0.5255622765985873,0.5218874445951045,0.5191171022435149,0.510537651503335,0.510833548463757
0.5448665984731419,0.5501501270558402,0.5263747915209154,0.5306784121863398,0.521240368306216,0.5184186908803197,0.5184638867050873,0.5135756414017816,0.5119535894831279,0.5096437445496327,0.511059938250102
0.5169882134037147,0.5210563517893021,0.5182985363046053,0.5073037700910991,0.5114057045829373,0.5014358234726322,0.5000528201256098,0.5046750393126875,0.499083760618288,0.5047320104515314,0.5045703575435287
0.6630340987834625,0.6568506783657528,0.6425487690701829,0.6368984693776225,0.6080133934952018,0.5975914952097857,0.5742230274758784,0.5545220325412825,0.5346154891397493,0.5215584838216487,0.5083230368317512
0.6652022393793178,0.6578172520248483,0.6464055105684078,0.6185851739401736,0.6164293593587153,0.6003657459047504,0.5574599462676915,0.5538210847917491,0.5305756574488959,0.5241907283820596,0.5149196320935263
0.6636202857124727,0.655723270281586,0.6478126104652635,0.6304493131136277,0.6146000014879401,0.5926336452708313,0.57852046513942,0.5448148277191308,0.5340156297418429,0.5141116394217733,0.5116368482757362
0.6638942046593523,0.647250173382453,0.6491819849285487,0.6356041970460511,0.622053757222351,0.5941847424174356,0.5482683053353837,0.552243729152944,0.532133411564769,0.5177939760368505,0.5099460020683153
0.6663655992426761,0.6592498740802502,0.646916390907603,0.6380504209240839,0.620429422649409,0.5885703066462221,0.5730013646965729,0.5454717562482727,0.5268912627779916,0.5180859674891797,0.5046685768786534
0.659804702002969,0.6568079186388692,0.6455521753860256,0.6301907921217859,0.6178427624888393,0.5951644902260597,0.5732144976463519,0.5432843542023724,0.5227426217823395,0.5143769606964208,0.5087170730538857
0.6583753436419193,0.6381708057436287,0.6369358360462262,0.6074305540908032,0.6135781207499956,0.5824912766607985,0.5787499575532307,0.5461014853234495,0.5243377241419579,0.513932718937446,0.5121425346269316
0.6115180510956303,0.6273996506691057,0.6127208604051165,0.5902460944173717,0.588104720032769,0.5737047620283067,0.5444282876046206,0.5403793240154259,0.5141932289935813,0.5180070166028918,0.5046174051122777
0.5667014122439599,0.5388974728095954,0.5806198537485732,0.5790302486368004,0.5609860875577042,0.5347698863754702,0.5403325230084897,0.5288668312717533,0.5205260567229955,0.5054126205874085,0.5037734140102146
0.5510330133414025,0.5589044446220652,0.5418003680062752,0.5309680934396173,0.5151396071452211,0.5029958862992301,0.5047239980458028,0.5142324609906059,0.5066126812515224,0.5044512949345941,0.5085593278644847
0.5234829514624846,0.5235993466896888,0.5293171212203416,0.5213974463763317,0.5012350646883189,0.5072965776327656,0.5071127735298865,0.5007385808934852,0.5015861728300629,0.5003512398497711,0.4981013479971518
