0.6593632210658765,0.658283820102996,0.6525008567086036,0.6376623588873844,0.6144977165255949,0.6050323905801487,0.5759208678882144,0.5566071839097617,0.5361437785713733,0.5131717447169828,0.5080398282271273
0.643169566438305,0.6527186343097504,0.6400821719732082,0.6301220456309419,0.6132645919216104,0.5869085217585485,0.5689473363704199,0.5536972512613026,0.5355222653881673,0.5218959546077396,0.5105761975485267
0.6438076590966842,0.6582232583471546,0.6451594913543601,0.6334588953285979,0.6196558379624519,0.5850172355839919,0.5746215384188652,0.5430242757322963,0.5340908562603991,0.5198236251733346,0.5129029160131906
0.6655507219318093,0.6580414324270113,0.6469452413750257,0.6382017101506307,0.614214559711333,0.5971689201158241,0.5596633065263954,0.5425678268673428,0.5262223677177166,0.526935576235093,0.5103444020105863
0.6625248005625974,0.6585660470940834,0.6419847414019156,0.6353607111614504,0.6042447745343127,0.5838676100668255,0.567955734930232,0.542200135930829,0.5357324758973637,0.5140167853071831,0.5126972856148406
0.6605805664450989,0.6578358860323317,0.6435504047939483,0.634735733550508,0.6188781405229217,0.5900967901811878,0.5762670189310444,0.5470099984840183,0.5282458791321802,0.5166739245864518,0.505635661270735
0.6656911285705002,0.6485021034780267,0.63034723665418,0.6319065104723646,0.6068349626599765,0.5739404196820925,0.5606890142204418,0.5541886926063456,0.5251732733185989,0.5231145703393821,0.5079664500220302
0.6303238344738807,0.6283928741977364,0.6198971855305779,0.6042906932992694,0.5835374792525143,0.5649871173723119,0.5306583872563643,0.532450870619573,0.5248540576563552,0.5205527623401992,0.5113487402775623
0.5831856901885893,0.5917668098762404,0.5862754938311734,0.5829693153430916,0.5244379412905699,0.520540060218182,0.5424158426810289,0.523597717511374,0.52549199651754,0.5104868995005829,0.5074852009780522
0.5404892645746878,0.5451249035624204,0.5411086027939559,0.525582176809411,0.5181410603611838,0.5153184624624704,0.5193677692638164,0.5022702924219103,0.503832324976392,0.5096623487320522,0.5022770506617378
0.5305308668280506,0.5273987043207713,0.5143585857633248,0.5107973610674199,0.5096523597798115,0.5093077801726192,0.5005128405870302,0.49977623973586544,0.49750798437552246,0.5016718318196992,0.5013324788044584
