0.6439305241695362,0.649035200141128,0.6458956828009141,0.6339566326058026,0.6051941875590161,0.586625690325029,0.5584324140951794,0.5508060892368865,0.5357435930557236,0.5163300667320871,0.506570413323966
0.666761417128563,0.6570965507668788,0.6489798080760941,0.6328930836937101,0.6176730951075798,0.5865321987715199,0.5776746162338504,0.5427067924820451,0.5243129991615951,0.5138636813697564,0.5106989882893792
0.6664474452162515,0.6551257712145834,0.6479061205998954,0.6347436716865515,0.6136756901549316,0.5852096767108356,0.5645020878216322,0.5466087460350423,0.5245183401000716,0.5102741036798295,0.506651229665821
0.6490311356546221,0.6385159425991215,0.6437774252777652,0.6264106092153825,0.6196028191194619,0.6043658341180717,0.5678791267224128,0.5462103566310588,0.5238850862801077,0.5107369351962727,0.5042131550682726
0.6653992781530783,0.6574520326004756,0.6501007365122956,0.6303347224546887,0.614418787249057,0.5978740745903969,0.5686773113397345,0.5458237441546789,0.5348638333374535,0.5141335579933327,0.5095479928239519
0.664446423903715,0.6547403130875421,0.6490314368422829,0.6302558151133472,0.6027663285093429,0.5871509481198482,0.5758120920081575,0.5438853563615551,0.5240180058951235,0.5201762599087264,0.503722195628033
0.6587760674166923,0.6523514190895203,0.6319016948840489,0.6258934914411941,0.617546555424887,0.5669158519834148,0.5491013647488396,0.5338998467849139,0.5286540763399292,0.5139868592809707,0.5077822176525444
0.6377432370539268,0.6178854147679866,0.5992655279634694,0.614844694745931,0.6203062716391483,0.5690111606638781,0.5378016763716829,0.5343119192861921,0.5288838913727009,0.5168632067030619,0.5039026902064905
0.5778529286649229,0.5768348402809373,0.5875434974460945,0.5368405248511519,0.5499747725627331,0.549083925846389,0.5308176051359714,0.5088207628312225,0.5247744170042988,0.5139294937957346,0.5155316792761871
0.5372393132798492,0.5685075927617238,0.5499213430355738,0.5168882069104402,0.5320381407076252,0.51418251082892,0.5218794129711,0.5094447416022736,0.5011145862566834,0.5084182491073137,0.505011428696333
0.5261770625231282,0.51938759536547,0.5209511543311128,0.5133034243807364,0.5094031787380964,0.504980769756074,0.5043293045693237,0.5022890464397611,0.502968040250816,0.5016569386837133,0.5017604914778354
