0.6643303804029363,0.6552387260895864,0.6469963692356052,0.6349366003101323,0.6067105233151644,0.6057970972339174,0.5753983999713094,0.5311356241175441,0.5316282707898433,0.5117225238836365,0.5083067101211793
0.6645571463275562,0.6471326788565236,0.647502673839154,0.622013512396529,0.6055311617539142,0.5949586401810932,0.5683705771101936,0.5379356456266372,0.5350561240225449,0.5141595321520355,0.5111980769166259
0.6600651599504056,0.6577506730373677,0.6495122050710126,0.6373443814323213,0.6183660363393413,0.5935821097236356,0.5662535223463097,0.54667406232671,0.5240528133346811,0.5200708281370248,0.50646766581055
0.6674016234388267,0.656088119214823,0.6474117814077479,0.6327090897406324,0.6242444060095965,0.5849266806153031,0.5466760912360736,0.5382537221918625,0.5395762482061732,0.5188909606957105,0.5026953319162447
0.6659296085291985,0.6484896375107044,0.6490914289911788,0.6161996126009608,0.6183619222466529,0.602934265431147,0.5677032003371905,0.534391964696615,0.523358269344341,0.5116488646615709,0.5093045863736883
0.6408365264479413,0.658923105343286,0.6428255383210986,0.6172309255785066,0.6136016376767839,0.5852382259585269,0.5619390097770804,0.543758019966359,0.5267149929737199,0.5252575424439923,0.5114295612035752
0.6230812834022719,0.6396429556984041,0.6286776847679825,0.6169170130554715,0.6149276484808429,0.5710348280085522,0.5752211497348378,0.5405253342837671,0.5332124645164441,0.5135358833608603,0.5010225979137528
0.5906620423837915,0.6219588751140448,0.6145285063999293,0.6016297320356151,0.5842949274151333,0.5729983080024377,0.5604694794874178,0.5312342430837103,0.5255578801787508,0.5239001790117978,0.5114243628006123
0.5967322696875541,0.5592810123252506,0.5779768467022524,0.5644524336735393,0.5601390433241558,0.5339368553208044,0.5268485999420772,0.5255836515330915,0.517189187227602,0.5097103014617759,0.5079922995667492
0.5547229842789838,0.551777558190455,0.5345311500181765,0.5214011357521462,0.5380068725172868,0.5222919519546475,0.5128171982445698,0.5133835964754561,0.5126378049350051,0.5155360416510806,0.5045695820363948
0.5251984976250756,0.5279848211929377,0.5146838242604108,0.5135513708510926,0.5115758626764171,0.5063208927655567,0.5023903794199474,0.505858959395913,0.49996831769408673,0.5010088128282313,0.5037071759535823
