0.6672545339399596,0.6591941190735031,0.6470027792364188,0.6267516684274517,0.6194572898901258,0.5881961120560721,0.5824229193503082,0.5443508121416862,0.5330063620793104,0.516916092354965,0.5067381233299116
0.6637597909872295,0.6525311430937373,0.6473614554664789,0.6351667544438925,0.6202410956086378,0.5801168827164106,0.5730087557494358,0.5399580087597924,0.5312522443086282,0.5217340161168698,0.5102726658371687
0.6522017272769048,0.6581933545499936,0.6459965089661748,0.6332904064074831,0.6070989422449589,0.5908671630651563,0.5607503904065415,0.5426163012023685,0.5243267884872259,0.5187013076848662,0.5103029262487054
0.667572874682524,0.6577416252760565,0.6329370252145157,0.636318538765066,0.6226923420252607,0.5951019290015008,0.5693549818970396,0.5444612678892999,0.5335172362950719,0.5224350846780755,0.5067689419200337
0.6655617587050254,0.6450266366517039,0.6509598911839367,0.63443724303829,0.6125652132944781,0.5944575328412895,0.568427528818846,0.5493087938051489,0.5381952050135059,0.5096748470795334,0.5034438444505273
0.631245797842837,0.6405770026355436,0.6492921799561803,0.6238289684423574,0.6074725215736946,0.6011524951726975,0.5602956623418192,0.5465979950212925,0.5241043244101834,0.5134058808100253,0.5033551684303894
0.665798686475469,0.6464870869992393,0.6387151308302168,0.6332823029996422,0.6132699785736748,0.5739504373486964,0.5737485863519478,0.547670900103735,0.5349023578207611,0.5142575524962659,0.5065438803212959
0.6384892121187437,0.622775595882042,0.6099576312622448,0.6018461761884031,0.5533292292999932,0.5735908510425187,0.5547910621417307,0.5504336450330763,0.5294909263636705,0.5126353120592338,0.5126181578535517
0.5996671147509766,0.5756027245771993,0.5594835376400092,0.5537379156207743,0.5431209137296206,0.5412246042326545,0.5286259499425472,0.5234230564227986,0.5219954973349921,0.5134964082916159,0.5059016284835263
0.5388403918666517,0.5392379238532922,0.5374713144600541,0.5292742574658683,0.5244490407568281,0.5162632991800338,0.5091966862920979,0.5107095288267829,0.5190925946584428,0.5071595712107024,0.513054467994608
0.5394499558503562,0.5176089147198236,0.5140950005269594,0.5075381622157856,0.5100890503011855,0.5025850963765166,0.5032965199741859,0.5023499536668505,0.5000793594341866,0.5007972787233596,0.4985710330085972
