0.6653091739462369,0.6563510815648919,0.6508236264665396,0.6388463027119283,0.6248931220885905,0.5991753672700907,0.5689822904388454,0.5532383715348849,0.534508975136011,0.5232383741186333,0.5142306558918661
0.6634532483858555,0.6573106813289822,0.6441743473819471,0.6375234451143675,0.6311099281754616,0.6059660607980039,0.5771220678898203,0.561273648136369,0.5411934285846116,0.5126305838391594,0.5039733496728873
0.6673008722629683,0.6575550343756916,0.6466152303339898,0.6366847806577448,0.6263327938655336,0.6096372660523001,0.5852056060727888,0.5644220325247028,0.5407141283193749,0.5248433992171888,0.5124953538469366
0.6637552986399983,0.6596032121996279,0.6485678374231977,0.6357938350497238,0.6219024253064666,0.6082588683025937,0.5828107201465743,0.5599564585227044,0.521933472796427,0.5147856750463734,0.5081683280492137
0.6634704160157565,0.659999050474652,0.6546543801548895,0.6348117183101152,0.6232143901895547,0.6039558691230511,0.5748296866711757,0.5514896911623761,0.5345592657586227,0.5214642887447073,0.5131425428060611
0.6661397283637305,0.6589322080250198,0.6468826085860186,0.6398589154775287,0.6247834686305437,0.6047950504821384,0.5739203277744646,0.5516060579657162,0.5384465358958311,0.5243573053153097,0.5175591408005835
0.6463388338156513,0.6568133895767807,0.6510478799943143,0.6357994078311329,0.6245985973780357,0.6010022616946524,0.5799624189825594,0.5636958459038918,0.5370837280303924,0.5252741501806154,0.5032032491579127
0.635090472208673,0.6113749014544217,0.6359869655977732,0.6385881069248144,0.6179335089539181,0.5867481302821458,0.5652040210200471,0.5395988098302611,0.5253368927501679,0.522232970046342,0.5106837276979814
0.6196222285305982,0.6321484903455467,0.5826719178873545,0.5835256270711363,0.607432210517138,0.5761192600955554,0.5417146798096488,0.523176107066367,0.5334726646964003,0.5140805777272429,0.5116239299448655
0.5445881988506811,0.5629395054410293,0.5455760475865058,0.5583905037384695,0.544364778485354,0.5225792182666724,0.5151157880605131,0.5155640292545894,0.5098509143745865,0.5165186189129688,0.5024459056429812
0.5449989155332059,0.5200130149285079,0.5071025991604031,0.5040009725412931,0.515656665940412,0.5071855938523577,0.5025334862677141,0.5013130716677848,0.49922381123678844,0.5027138720433273,0.5044298779074019
0.5201442666197699,0.5418925608066405,0.6447174034298996,0.5901330199001642,0.5851471487245007,0.6006854868636823,0.5901151186621514,0.6008954142013655,0.6266944430415458,0.5535397809367186,0.5480232990767734,0.5689260710064955,0.5515569622103258,0.5723366077811949,0.564606172953924,0.6293337203054761,0.6235043137494676,0.6083660570350439,0.6237228513154585,0.5527578697046924,0.625762842889502,0.49737252511431396,0.49645489459465353,0.6415239183990926,0.6381778638765053,0.6161043251588038,0.631138740839924,0.5889206345609139,0.5234825390448882,0.5152531046049411,0.5753971765837368,0.5489534287807042,0.5373746425411791,0.5418734682486019,0.5585670083306477,0.5322968713645827,