0.6655411845168621,0.6600689460461149,0.6476647671602737,0.632270765870944,0.6160157402533346,0.605242402713159,0.5595332748573916,0.5420609087546444,0.5327614989991644,0.5179715678386115,0.509861858991933
0.6644838298859483,0.6548741454718774,0.6483652498474859,0.6377440180852028,0.6156960495412106,0.5983352523090175,0.5627896962807418,0.544113420139815,0.5307822282128661,0.5184025225711256,0.5098201648056465
0.6635092526085085,0.6578535376412222,0.6497032990075698,0.6322352635344725,0.6174789021028915,0.6028229977890136,0.5700037835892864,0.5531269907771802,0.5324032533034471,0.5226714091706429,0.503220747579553
0.6641743130387112,0.6567663722407725,0.6470036337035565,0.6396144223803182,0.6155654977110533,0.5914146843682122,0.5703522236695292,0.5547325526937026,0.5337143643643278,0.5184612312748119,0.5148505426430924
0.6583533674334769,0.6567868507476311,0.6454780733717481,0.6360561801419116,0.6202028185961387,0.581565061832599,0.5721314078952363,0.5511705624169912,0.5304541022012436,0.5133121705148599,0.5116504004015453
0.6619174786933277,0.6525073235821188,0.6500545972006303,0.6294645371574276,0.6194067733664442,0.5992136901426869,0.5647004902271431,0.5478141169001468,0.5271534554602121,0.519759947245564,0.5121546803000737
0.6248475303394017,0.6526995315491749,0.6380625614606366,0.588491293542895,0.5904114538033063,0.5619468910118386,0.5596338076413513,0.5489061485026054,0.5346830081410746,0.518278062918216,0.5036305771828323
0.6263851415312758,0.5883077203097841,0.6239944927420928,0.5925009773573955,0.5830652469028914,0.5701707086011989,0.5481688367684284,0.5357606299771749,0.5375947267271144,0.5194573306519339,0.5059489725608595
0.5758387268521046,0.5466055120005744,0.5564764982191331,0.5629010405709907,0.5623705898486334,0.5407905530010934,0.5285186492501401,0.5162230129885369,0.5201461220611746,0.5160661260913502,0.5071007729296589
0.5415819332327388,0.5417889194648248,0.5153787282198745,0.5211238324360494,0.5323134484225104,0.5155579194578186,0.5123668271024939,0.5160032990313681,0.512564389447399,0.5071596312977574,0.5026271914471562
0.5267091884669335,0.5135016486862639,0.5136700926144198,0.5102731895951748,0.5041381255836617,0.5083298544633494,0.5022304948634471,0.5041547648879986,0.49815570905562767,0.49950867294082374,0.5025293569414251
