0.6645554388410864,0.6550393504160431,0.6473801715107317,0.6283620749851863,0.6160469229361503,0.5871319483126811,0.561672143404561,0.5545304914392288,0.5291090528193205,0.5220162093066594,0.5119085509589423
0.6638387321822847,0.6574165332786166,0.6481082726460515,0.635082924888327,0.6122945703294548,0.5879423063164786,0.5693343856135659,0.5418386812696541,0.5345180693677929,0.5144333109462873,0.5022675456936813
0.6646145969071222,0.6573198662468599,0.6471074330230673,0.6309460945306408,0.6129432651910948,0.603588005030798,0.5705810125590469,0.5513681539828227,0.531804989186314,0.5111651901199636,0.5095348917146945
0.6667879890840195,0.6578585644694097,0.6482378199226753,0.6277079066765143,0.6210631293845993,0.5921428938614643,0.5628415477353088,0.5448850114556715,0.5334965613950784,0.5146781350139692,0.5033129302371782
0.6655789572352293,0.6544222209731863,0.6304457022783246,0.6326431070346504,0.6081033189803162,0.5963875929102028,0.5737096888321481,0.5370226538789605,0.5267181501103776,0.5265144650501137,0.5110706489618475
0.6585239117595854,0.6569256740708355,0.6481931430489015,0.6325590910471128,0.6097583170370413,0.5873446328369096,0.5591917292911739,0.5416174682324965,0.5326439459207982,0.5150804675137796,0.5082797395230929
0.6512258363537583,0.6585434909108976,0.6487037005933642,0.6227407576035298,0.6068137424222434,0.601013800248249,0.5550162263147281,0.5450472731681987,0.5181814732481578,0.5114334710097428,0.5080745062606513
0.6296533101193822,0.6030527122732119,0.6130644502922371,0.5834594438690055,0.5516749907321246,0.5549267886744871,0.5442933029890359,0.5392321262598968,0.5204037211900067,0.5266697691042056,0.5039406492336884
0.5644747318559314,0.5718064071078905,0.5725169266091535,0.5653388307857223,0.5394307946364583,0.5494876574669141,0.535454197416814,0.532112098924306,0.5177815730960478,0.5142299123068093,0.5057248200604089
0.5459839312242247,0.5443034669826539,0.5237400725528438,0.5176267553011338,0.5326441593451847,0.5158447124571084,0.5137838281871236,0.5127100980745835,0.5118203217986652,0.5045428386371354,0.5047692083833524
0.5271205862110391,0.5295581206051955,0.5215218939272023,0.5155996082111605,0.5123420203884392,0.5001884030927769,0.4973717670165734,0.49823428020643773,0.49841314106355594,0.5008647123884835,0.49926014426748594
