0.6565604913926926,0.6585759941267938,0.6469576061504321,0.6344739497547882,0.6184948430614788,0.5931112859882477,0.5711745634376456,0.557720660511866,0.5243706039461273,0.5218978544651796,0.5036220764347549
0.6660328752337005,0.6552612032502626,0.6450026523824063,0.6340487029442109,0.6213209692539937,0.5955846241021089,0.5664356374030937,0.5479639430425574,0.5198138012480777,0.5167942920700428,0.5081570898232489
0.666173469947054,0.6591879460038035,0.6424295036597587,0.6305590214947698,0.6183209536126028,0.5923038886225332,0.5739358706570424,0.5567646288711364,0.5351557319752597,0.5191868952448677,0.511911258271594
0.6655642892839723,0.636104046103872,0.6506777802122932,0.6315456521960977,0.6215206590365792,0.573643101445733,0.5698646021482141,0.544274338280176,0.5277337385513279,0.5157012072943574,0.5050565674927247
0.66400977872872,0.6559958272560755,0.6219549053526798,0.6355693328755951,0.6155581741193528,0.590997993006006,0.5762795776799008,0.5448758313098757,0.5314394143271889,0.5203709005460169,0.5074589234518367
0.6617774061866135,0.6578977409762734,0.6473005339967608,0.6327026418135044,0.6095946074709033,0.5926295000671611,0.569906738832674,0.547393512791415,0.5319013111179287,0.5231259084122155,0.5038167320409772
0.6338304586844721,0.6503719810936421,0.6434522974783655,0.6099101047608986,0.5993539662674491,0.565402323244368,0.5563420019084159,0.5386959351502072,0.5292759685041232,0.5136358216348752,0.5085013069706029
0.6170152006600982,0.6334301167268253,0.6380166681768794,0.6283107960978674,0.5736032359602167,0.5439158077322097,0.5508821259192953,0.5470001748894466,0.526020173285321,0.5131557231511256,0.5061980146694651
0.5854615671191641,0.5692526873992474,0.5643638733050116,0.5725026276186458,0.5591976996482593,0.5483793392015702,0.5268631466633383,0.5279597103496152,0.5167800012150423,0.5149873933173024,0.5135075840804586
0.5479591446569984,0.5551118759393383,0.5639975409474697,0.5580876801225714,0.5362541084420475,0.5145600123926691,0.5162998525788141,0.515221009569703,0.5080189083077206,0.5090678734447752,0.503019858873981
0.520101081418924,0.5142798813372286,0.5168935000095383,0.518426682349253,0.5067410865357291,0.5091321124543566,0.5017777424082649,0.5037501821968529,0.4990394816809516,0.502205485223088,0.500554856356195
