0.6435816479070696,0.6582804236839381,0.6415447074407586,0.6336168467882524,0.6147504821986128,0.5857690723511796,0.5724588163980947,0.5489836766830316,0.5336057356819331,0.5203580259296098,0.5091644266339397
0.6546585212421343,0.6587389518050714,0.6469517832322534,0.6314718580271927,0.6150358437003285,0.6020493410384548,0.5732426248587222,0.550389313556656,0.5233922814299603,0.5240065046924038,0.5043199779385527
0.6591344770865781,0.6591138738607699,0.6437547339031952,0.63461222729508,0.6166291295617348,0.5948793838778192,0.5701398342931518,0.5505292348651767,0.5387217737515523,0.5154389378262255,0.5052801105678838
0.6561696413282871,0.658843977824566,0.6436702687230783,0.6309677221452598,0.6210076667460357,0.5952987145428602,0.5785520927694174,0.5451319787819338,0.5248923865050861,0.519604643546456,0.5028959715278443
0.6652462564191453,0.6559291318390208,0.6412400168710035,0.6213147317509794,0.6178537237483923,0.6014151108289042,0.555397945119486,0.5527449068594413,0.5310996406987226,0.5180668776080096,0.5101921004556381
0.6591576855730176,0.654611529087315,0.6480759554727723,0.6396337893805224,0.6002246746170775,0.5768271050299646,0.5631640380593077,0.5495107454146968,0.5336694674083599,0.5221914692048902,0.5046299459291811
0.6227202897574334,0.6424168391764391,0.6411212847714483,0.6323093532715073,0.6075421933469397,0.5916283117089197,0.5614990708339738,0.5405127934401723,0.5307026932518286,0.5181844956439333,0.5066558020180697
0.6646956205692244,0.6115793383294457,0.6019490665333518,0.5563478233513256,0.5742497483915027,0.5867019124811105,0.5605896959502175,0.5343075708076567,0.516082172470972,0.5222520704584885,0.5028167873295015
0.5629327146007547,0.5550097806930314,0.576550046278726,0.5572384803575843,0.5564203574176985,0.5298855964935895,0.5296112622085458,0.5119408746963124,0.5214002565939105,0.5177082402737979,0.5128699906791815
0.5592312683761972,0.5755645282243509,0.5367202524524981,0.5308290167664069,0.5218000012640057,0.5090587565171302,0.5200851695380863,0.5089924100001921,0.5045541980584649,0.5045988150926634,0.5040080918445722
0.5277312424231174,0.5365750630136877,0.5040575072389675,0.5049085801940673,0.5089542189715011,0.5029918164424787,0.5013434693897153,0.5024793048491121,0.5016949178271729,0.5005822909814003,0.5038221709113364
